*Description
Newcomb fraternity data
These cells show an undirected graph with links where both rankings between 2 persons are less than or equal to the threshhold of 10.

*Vertices 17
 1 F1
 2 F2
 3 F3
 4 F4
 5 F5
 6 F6
 7 F7
 8 F8
 9 F9
10 F10
11 F11
12 F12
13 F13
14 F14
15 F15
16 F16
17 F17

*Edges
1 13
2 4
2 7
3 11
3 12
3 15
4 2
4 6
4 7
4 16
4 17
5 11
5 12
5 15
5 17
6 4
6 8
6 13
7 2
7 4
7 12
7 17
8 6
9 11
9 14
9 17
10 15
11 3
11 5
11 9
11 12
11 16
11 17
12 3
12 5
12 7
12 11
12 17
13 1
13 6
14 9
15 3
15 5
15 10
16 4
16 11
17 4
17 5
17 7
17 9
17 11
17 12

*Matrix t=0
0	0	0	0	0	0	0	0	0	0	0	0	1	0	0	0	0
0	0	0	1	0	0	1	0	0	0	0	0	0	0	0	0	0
0	0	0	0	0	0	0	0	0	0	1	1	0	0	1	0	0
0	1	0	0	0	1	1	0	0	0	0	0	0	0	0	1	1
0	0	0	0	0	0	0	0	0	0	1	1	0	0	1	0	1
0	0	0	1	0	0	0	1	0	0	0	0	1	0	0	0	0
0	1	0	1	0	0	0	0	0	0	0	1	0	0	0	0	1
0	0	0	0	0	1	0	0	0	0	0	0	0	0	0	0	0
0	0	0	0	0	0	0	0	0	0	1	0	0	1	0	0	1
0	0	0	0	0	0	0	0	0	0	0	0	0	0	1	0	0
0	0	1	0	1	0	0	0	1	0	0	1	0	0	0	1	1
0	0	1	0	1	0	1	0	0	0	1	0	0	0	0	0	1
1	0	0	0	0	1	0	0	0	0	0	0	0	0	0	0	0
0	0	0	0	0	0	0	0	1	0	0	0	0	0	0	0	0
0	0	1	0	1	0	0	0	0	1	0	0	0	0	0	0	0
0	0	0	1	0	0	0	0	0	0	1	0	0	0	0	0	0
0	0	0	1	1	0	1	0	1	0	1	1	0	0	0	0	0
*Matrix t=1
0	0	0	0	0	1	0	0	0	0	0	0	1	0	0	0	0
0	0	0	1	0	0	1	0	0	0	0	0	0	0	0	0	0
0	0	0	0	0	0	0	0	0	0	0	1	0	0	1	0	1
0	1	0	0	0	1	1	0	1	0	0	1	0	0	0	0	1
0	0	0	0	0	0	0	0	0	0	1	0	1	0	1	0	1
1	0	0	1	0	0	0	1	1	0	0	0	1	0	0	0	0
0	1	0	1	0	0	0	0	1	1	0	1	0	0	0	0	1
0	0	0	0	0	1	0	0	0	0	0	0	1	0	0	0	0
0	0	0	1	0	1	1	0	0	0	1	0	0	1	0	1	1
0	0	0	0	0	0	1	0	0	0	0	0	0	0	0	0	0
0	0	0	0	1	0	0	0	1	0	0	0	0	0	0	0	1
0	0	1	1	0	0	1	0	0	0	0	0	0	0	0	0	1
1	0	0	0	1	1	0	1	0	0	0	0	0	0	0	0	1
0	0	0	0	0	0	0	0	1	0	0	0	0	0	0	0	0
0	0	1	0	1	0	0	0	0	0	0	0	0	0	0	0	0
0	0	0	0	0	0	0	0	1	0	0	0	0	0	0	0	0
0	0	1	1	1	0	1	0	1	0	1	1	1	0	0	0	0
*Matrix t=2
0	0	0	0	1	1	0	0	0	0	1	0	1	1	0	0	0
0	0	0	1	0	0	1	0	0	0	0	1	0	0	0	0	0
0	0	0	0	0	0	0	0	0	0	1	1	0	0	1	0	1
0	1	0	0	0	0	1	0	1	0	0	0	0	0	0	0	1
1	0	0	0	0	0	0	0	0	0	0	0	1	0	0	0	1
1	0	0	0	0	0	0	1	1	0	0	0	1	1	0	0	0
0	1	0	1	0	0	0	0	0	0	0	1	0	0	0	0	1
0	0	0	0	0	1	0	0	0	0	0	0	1	0	0	0	0
0	0	0	1	0	1	0	0	0	0	1	1	0	1	0	0	1
0	0	0	0	0	0	0	0	0	0	0	0	1	0	1	0	0
1	0	1	0	0	0	0	0	1	0	0	0	0	0	0	0	1
0	1	1	0	0	0	1	0	1	0	0	0	0	1	0	0	0
1	0	0	0	1	1	0	1	0	1	0	0	0	0	0	0	1
1	0	0	0	0	1	0	0	1	0	0	1	0	0	0	0	0
0	0	1	0	0	0	0	0	0	1	0	0	0	0	0	0	0
0	0	0	0	0	0	0	0	0	0	0	0	0	0	0	0	0
0	0	1	1	1	0	1	0	1	0	1	0	1	0	0	0	0
*Matrix t=3
0	0	0	0	1	1	0	0	0	0	0	0	1	1	0	0	1
0	0	0	1	0	0	1	0	0	0	0	1	0	0	0	1	0
0	0	0	0	0	0	0	0	0	0	1	1	0	0	1	0	0
0	1	0	0	0	0	1	0	1	0	0	0	0	0	0	0	1
1	0	0	0	0	0	0	1	0	0	0	0	1	0	0	0	1
1	0	0	0	0	0	0	1	1	0	0	0	1	0	0	0	0
0	1	0	1	0	0	0	0	1	0	0	1	0	0	0	0	0
0	0	0	0	1	1	0	0	0	0	0	0	1	0	0	0	0
0	0	0	1	0	1	1	0	0	0	1	1	0	1	0	0	1
0	0	0	0	0	0	0	0	0	0	0	0	0	0	1	0	0
0	0	1	0	0	0	0	0	1	0	0	1	0	0	0	0	1
0	1	1	0	0	0	1	0	1	0	1	0	0	0	0	0	0
1	0	0	0	1	1	0	1	0	0	0	0	0	0	0	0	1
1	0	0	0	0	0	0	0	1	0	0	0	0	0	0	0	0
0	0	1	0	0	0	0	0	0	1	0	0	0	0	0	0	0
0	1	0	0	0	0	0	0	0	0	0	0	0	0	0	0	0
1	0	0	1	1	0	0	0	1	0	1	0	1	0	0	0	0
*Matrix t=4
0	0	0	0	1	1	0	0	0	0	0	0	1	1	0	0	1
0	0	0	1	0	0	1	0	0	0	0	1	0	1	0	0	0
0	0	0	0	0	0	0	0	0	0	0	1	0	0	0	0	0
0	1	0	0	0	0	1	0	1	0	0	0	0	0	0	0	1
1	0	0	0	0	0	0	1	0	0	0	0	1	0	0	0	1
1	0	0	0	0	0	0	1	1	0	0	0	1	1	0	0	0
0	1	0	1	0	0	0	0	1	0	0	1	0	0	0	0	1
0	0	0	0	1	1	0	0	0	0	0	0	1	0	0	0	0
0	0	0	1	0	1	1	0	0	0	1	1	0	1	0	0	1
0	0	0	0	0	0	0	0	0	0	0	0	0	0	1	0	0
0	0	0	0	0	0	0	0	1	0	0	1	0	0	0	0	1
0	1	1	0	0	0	1	0	1	0	1	0	0	1	0	0	0
1	0	0	0	1	1	0	1	0	0	0	0	0	0	0	0	0
1	1	0	0	0	1	0	0	1	0	0	1	0	0	0	0	0
0	0	0	0	0	0	0	0	0	1	0	0	0	0	0	0	1
0	0	0	0	0	0	0	0	0	0	0	0	0	0	0	0	0
1	0	0	1	1	0	1	0	1	0	1	0	0	0	1	0	0
*Matrix t=5
0	0	0	0	1	1	0	0	0	0	0	0	1	0	0	0	1
0	0	0	1	0	0	1	0	0	0	1	1	0	0	0	0	0
0	0	0	0	0	0	0	0	0	0	1	0	0	0	0	0	1
0	1	0	0	1	0	1	0	1	0	0	1	0	0	0	0	1
1	0	0	1	0	0	0	1	1	0	0	0	1	0	0	0	1
1	0	0	0	0	0	0	1	1	0	0	0	1	0	0	0	0
0	1	0	1	0	0	0	0	1	0	0	1	0	1	0	0	1
0	0	0	0	1	1	0	0	0	0	0	0	1	0	0	0	0
0	0	0	1	1	1	1	0	0	0	0	0	0	1	0	0	1
0	0	0	0	0	0	0	0	0	0	0	0	0	0	0	0	0
0	1	1	0	0	0	0	0	0	0	0	0	0	0	0	0	0
0	1	0	1	0	0	1	0	0	0	0	0	0	0	0	0	0
1	0	0	0	1	1	0	1	0	0	0	0	0	0	0	0	0
0	0	0	0	0	0	1	0	1	0	0	0	0	0	0	0	0
0	0	0	0	0	0	0	0	0	0	0	0	0	0	0	0	0
0	0	0	0	0	0	0	0	0	0	0	0	0	0	0	0	0
1	0	1	1	1	0	1	0	1	0	0	0	0	0	0	0	0
*Matrix t=6
0	0	0	0	0	1	0	0	0	0	0	0	1	1	0	0	1
0	0	0	1	0	0	0	0	0	0	0	1	0	0	0	0	0
0	0	0	0	0	0	0	0	0	0	0	1	0	0	0	0	0
0	1	0	0	0	0	1	0	1	0	0	0	0	0	0	0	1
0	0	0	0	0	0	0	0	1	0	0	0	1	0	0	0	1
1	0	0	0	0	0	0	1	1	0	0	0	1	0	0	0	0
0	0	0	1	0	0	0	0	1	0	0	1	0	1	0	0	0
0	0	0	0	0	1	0	0	0	0	0	0	1	0	0	0	0
0	0	0	1	1	1	1	0	0	0	0	0	0	1	0	0	1
0	0	0	0	0	0	0	0	0	0	0	0	0	0	0	0	0
0	0	0	0	0	0	0	0	0	0	0	1	0	0	0	0	1
0	1	1	0	0	0	1	0	0	0	1	0	0	0	0	0	0
1	0	0	0	1	1	0	1	0	0	0	0	0	0	0	0	0
1	0	0	0	0	0	1	0	1	0	0	0	0	0	0	0	0
0	0	0	0	0	0	0	0	0	0	0	0	0	0	0	1	0
0	0	0	0	0	0	0	0	0	0	0	0	0	0	1	0	0
1	0	0	1	1	0	0	0	1	0	1	0	0	0	0	0	0
*Matrix t=7
0	0	0	0	0	1	0	0	0	0	0	0	1	1	0	0	1
0	0	0	1	0	0	0	0	1	0	0	1	0	0	0	0	0
0	0	0	0	0	0	1	0	0	0	1	0	0	0	0	0	0
0	1	0	0	0	0	1	0	1	0	0	1	0	0	0	0	1
0	0	0	0	0	0	0	0	1	0	0	0	1	0	0	0	1
1	0	0	0	0	0	0	1	1	0	0	0	1	0	1	0	0
0	0	1	1	0	0	0	0	1	0	0	1	0	1	0	0	0
0	0	0	0	0	1	0	0	0	0	0	0	1	0	0	0	0
0	1	0	1	1	1	1	0	0	0	0	0	0	1	0	0	1
0	0	0	0	0	0	0	0	0	0	0	0	0	0	0	0	0
0	0	1	0	0	0	0	0	0	0	0	1	0	0	0	0	1
0	1	0	1	0	0	1	0	0	0	1	0	0	0	0	0	0
1	0	0	0	1	1	0	1	0	0	0	0	0	0	0	0	0
1	0	0	0	0	0	1	0	1	0	0	0	0	0	0	0	0
0	0	0	0	0	1	0	0	0	0	0	0	0	0	0	1	0
0	0	0	0	0	0	0	0	0	0	0	0	0	0	1	0	0
1	0	0	1	1	0	0	0	1	0	1	0	0	0	0	0	0
*Matrix t=8
0	0	0	0	0	1	0	1	0	0	0	0	1	1	0	0	1
0	0	0	1	0	0	0	0	0	0	1	1	0	0	0	0	0
0	0	0	0	0	0	0	0	0	0	0	1	0	0	0	0	0
0	1	0	0	0	1	0	0	1	0	0	1	0	0	0	0	1
0	0	0	0	0	0	0	0	1	0	0	0	1	0	0	0	1
1	0	0	1	0	0	0	1	1	0	0	0	1	0	1	0	0
0	0	0	0	0	0	0	0	1	0	0	1	0	0	0	0	0
1	0	0	0	0	1	0	0	0	0	0	0	0	1	0	0	0
0	0	0	1	1	1	1	0	0	0	0	1	0	1	0	0	1
0	0	0	0	0	0	0	0	0	0	0	0	0	0	0	0	0
0	1	0	0	0	0	0	0	0	0	0	1	0	0	0	0	1
0	1	1	1	0	0	1	0	1	0	1	0	0	1	0	0	0
1	0	0	0	1	1	0	0	0	0	0	0	0	0	0	0	0
1	0	0	0	0	0	0	1	1	0	0	1	0	0	0	0	0
0	0	0	0	0	1	0	0	0	0	0	0	0	0	0	1	0
0	0	0	0	0	0	0	0	0	0	0	0	0	0	1	0	0
1	0	0	1	1	0	0	0	1	0	1	0	0	0	0	0	0
*Matrix t=10
0	0	0	0	0	1	0	1	0	0	0	0	1	1	0	0	1
0	0	0	1	0	0	0	0	0	0	0	1	0	0	0	0	1
0	0	0	0	0	0	1	0	0	0	0	0	0	0	0	0	0
0	1	0	0	0	1	0	0	1	0	0	0	0	0	0	0	1
0	0	0	0	0	0	0	0	1	0	0	0	1	0	0	0	1
1	0	0	1	0	0	0	1	1	0	0	0	1	0	0	0	0
0	0	1	0	0	0	0	0	0	0	1	1	0	1	0	0	0
1	0	0	0	0	1	0	0	0	0	0	0	1	0	0	0	0
0	0	0	1	1	1	0	0	0	0	0	1	0	1	0	0	1
0	0	0	0	0	0	0	0	0	0	0	0	0	0	0	0	0
0	0	0	0	0	0	1	0	0	0	0	1	0	0	0	0	1
0	1	0	0	0	0	1	0	1	0	1	0	0	1	0	0	0
1	0	0	0	1	1	0	1	0	0	0	0	0	0	0	0	0
1	0	0	0	0	0	1	0	1	0	0	1	0	0	0	0	0
0	0	0	0	0	0	0	0	0	0	0	0	0	0	0	1	0
0	0	0	0	0	0	0	0	0	0	0	0	0	0	1	0	0
1	1	0	1	1	0	0	0	1	0	1	0	0	0	0	0	0
*Matrix t=11
0	0	0	0	1	1	0	0	0	0	0	0	1	1	0	0	1
0	0	0	1	0	0	0	0	0	0	0	1	0	0	0	0	1
0	0	0	0	0	0	1	0	0	0	0	0	0	0	0	0	0
0	1	0	0	0	1	0	0	1	0	0	0	0	0	0	0	1
1	0	0	0	0	0	0	1	1	0	0	0	1	0	0	0	1
1	0	0	1	0	0	0	1	1	0	0	0	1	0	0	0	0
0	0	1	0	0	0	0	0	0	0	0	1	0	1	0	0	0
0	0	0	0	1	1	0	0	0	0	0	0	1	0	0	0	0
0	0	0	1	1	1	0	0	0	0	0	1	0	1	0	0	1
0	0	0	0	0	0	0	0	0	0	0	0	0	0	0	0	0
0	0	0	0	0	0	0	0	0	0	0	1	0	0	0	0	1
0	1	0	0	0	0	1	0	1	0	1	0	0	0	0	0	1
1	0	0	0	1	1	0	1	0	0	0	0	0	0	0	0	0
1	0	0	0	0	0	1	0	1	0	0	0	0	0	0	0	0
0	0	0	0	0	0	0	0	0	0	0	0	0	0	0	1	0
0	0	0	0	0	0	0	0	0	0	0	0	0	0	1	0	0
1	1	0	1	1	0	0	0	1	0	1	1	0	0	0	0	0
*Matrix t=12
0	0	0	0	0	1	0	1	0	0	0	0	1	1	0	0	1
0	0	0	1	0	0	0	0	0	0	0	1	0	0	0	0	1
0	0	0	0	0	0	0	0	0	0	0	0	0	0	0	0	1
0	1	0	0	1	1	0	0	1	0	0	0	0	0	0	0	1
0	0	0	1	0	0	0	0	1	0	0	0	1	0	0	0	1
1	0	0	1	0	0	0	1	1	0	0	0	1	0	0	0	0
0	0	0	0	0	0	0	0	0	0	0	1	1	0	0	0	0
1	0	0	0	0	1	0	0	0	0	0	0	1	0	0	0	0
0	0	0	1	1	1	0	0	0	0	0	1	0	1	0	0	1
0	0	0	0	0	0	0	0	0	0	0	0	0	0	0	0	0
0	0	0	0	0	0	0	0	0	0	0	1	0	1	0	0	1
0	1	0	0	0	0	1	0	1	0	1	0	0	0	0	0	0
1	0	0	0	1	1	1	1	0	0	0	0	0	0	0	0	0
1	0	0	0	0	0	0	0	1	0	1	0	0	0	0	0	0
0	0	0	0	0	0	0	0	0	0	0	0	0	0	0	1	0
0	0	0	0	0	0	0	0	0	0	0	0	0	0	1	0	0
1	1	1	1	1	0	0	0	1	0	1	0	0	0	0	0	0
*Matrix t=13
0	0	0	0	0	1	0	1	0	0	0	0	1	1	0	0	1
0	0	0	1	1	0	0	0	0	0	0	1	0	0	0	0	1
0	0	0	0	0	0	0	0	0	0	0	0	0	0	1	0	0
0	1	0	0	1	1	0	0	1	0	0	0	0	0	0	0	1
0	1	0	1	0	0	0	0	1	0	0	0	1	0	0	0	0
1	0	0	1	0	0	0	1	1	0	0	0	1	0	0	0	0
0	0	0	0	0	0	0	0	1	0	1	1	0	0	0	0	0
1	0	0	0	0	1	0	0	0	0	0	0	1	0	0	0	0
0	0	0	1	1	1	1	0	0	0	0	0	0	1	0	0	1
0	0	0	0	0	0	0	0	0	0	0	0	0	0	0	0	0
0	0	0	0	0	0	1	0	0	0	0	1	0	0	0	0	1
0	1	0	0	0	0	1	0	0	0	1	0	0	0	0	0	0
1	0	0	0	1	1	0	1	0	0	0	0	0	0	0	0	0
1	0	0	0	0	0	0	0	1	0	0	0	0	0	0	0	0
0	0	1	0	0	0	0	0	0	0	0	0	0	0	0	1	0
0	0	0	0	0	0	0	0	0	0	0	0	0	0	1	0	0
1	1	0	1	0	0	0	0	1	0	1	0	0	0	0	0	0
*Matrix t=14
0	0	0	0	0	1	0	1	0	0	0	0	1	1	0	0	1
0	0	0	1	1	0	0	0	0	0	1	1	0	0	0	0	1
0	0	0	0	0	0	0	0	0	0	0	0	0	0	0	0	0
0	1	0	0	1	1	0	0	1	0	0	0	0	0	0	0	1
0	1	0	1	0	0	0	0	1	0	0	0	1	0	0	0	0
1	0	0	1	0	0	0	1	1	0	0	0	1	0	0	0	0
0	0	0	0	0	0	0	0	1	0	0	1	0	1	0	0	0
1	0	0	0	0	1	0	0	0	0	0	0	1	0	0	0	0
0	0	0	1	1	1	1	0	0	0	0	1	0	1	0	0	1
0	0	0	0	0	0	0	0	0	0	0	0	0	0	0	0	0
0	1	0	0	0	0	0	0	0	0	0	1	0	0	0	0	1
0	1	0	0	0	0	1	0	1	0	1	0	0	0	0	0	0
1	0	0	0	1	1	0	1	0	0	0	0	0	0	0	0	1
1	0	0	0	0	0	1	0	1	0	0	0	0	0	0	0	0
0	0	0	0	0	0	0	0	0	0	0	0	0	0	0	0	0
0	0	0	0	0	0	0	0	0	0	0	0	0	0	0	0	0
1	1	0	1	0	0	0	0	1	0	1	0	1	0	0	0	0
*Matrix t=15
0	0	0	0	0	0	0	1	0	0	0	0	1	1	0	0	1
0	0	0	1	1	0	0	0	1	0	1	1	0	0	0	0	1
0	0	0	0	0	0	0	0	0	0	0	0	0	0	0	0	0
0	1	0	0	1	1	0	0	1	0	0	0	0	0	0	0	1
0	1	0	1	0	0	0	0	1	0	0	0	0	0	0	0	0
0	0	0	1	0	0	0	1	1	0	0	0	1	0	0	0	0
0	0	0	0	0	0	0	0	0	0	1	1	1	0	0	0	0
1	0	0	0	0	1	0	0	0	0	0	0	1	0	0	0	0
0	1	0	1	1	1	0	0	0	0	0	1	0	1	0	0	1
0	0	0	0	0	0	0	0	0	0	0	0	0	0	0	0	0
0	1	0	0	0	0	1	0	0	0	0	1	0	0	0	0	1
0	1	0	0	0	0	1	0	1	0	1	0	0	0	0	0	0
1	0	0	0	0	1	1	1	0	0	0	0	0	0	0	0	1
1	0	0	0	0	0	0	0	1	0	0	0	0	0	0	0	0
0	0	0	0	0	0	0	0	0	0	0	0	0	0	0	1	0
0	0	0	0	0	0	0	0	0	0	0	0	0	0	1	0	0
1	1	0	1	0	0	0	0	1	0	1	0	1	0	0	0	0
